Td	ID	Tj	Df	Dd	Db
10	2006	100	0	0
10	2003	100	0	0
10	2000	100	0	0
10	2002	100	0	0
10	2005	100	0	0
11	2001	100	1	1
11	2004	100	1	1
16	2009	160	0	0
16	2013	160	0	0
16	2008	160	0	0
17	2007	160	1	1
17	2011	160	1	1
17	2012	160	1	1
23	2016	230	0	0
23	2014	230	0	0
23	2015	230	0	0
23	2017	230	0	0
24	2018	230	1	1
24	2027	240	0	0
24	2020	230	1	1
25	2024	240	1	1
26	2028	250	1	1
27	2029	250	2	2
27	2034	250	2	2
28	2032	250	3	3
30	2037	300	0	0
32	2041	300	2	2
32	2035	300	2	2
32	2048	310	1	1
33	2046	311	1	2
33	2049	330	0	0
34	2045	310	3	3
34	2047	310	3	3
35	2038	300	5	5
35	2051	330	2	2
35	2044	310	4	4
36	2050	331	2	3
59	2061	570	2	2
60	2059	570	3	3
60	2057	570	3	3
63	2068	610	2	2
63	2065	610	2	2
63	2067	610	2	2
63	2064	610	2	2
64	2069	610	3	3
Battle Result Drawn!

Earth Army Statistics
Total ES Count: 17
Total ET Count: 5
Total EG Count: 0
Total EH Count: 2
Destructed ESs/Total ESs = 0%
Destructed ETs/Total ETs = 0%
